0:48 0.323194 0.010496 0.000002 0.000010 0.000000 0.000001 0.000000
1:49 0.368039 0.101928 0.002375 0.000742 0.000001 0.000221 -0.000000
2:50 0.437581 0.075321 0.000427 0.000107 0.000000 0.000005 -0.000000
3:51 0.355197 0.037094 0.001040 0.000434 -0.000000 -0.000065 -0.000000
4:52 0.460549 0.020285 0.001450 0.001147 -0.000001 0.000082 0.000001
5:53 0.370913 0.040373 0.000139 0.000212 0.000000 0.000041 0.000000
6:54 0.276869 0.017620 0.000370 0.000071 -0.000000 -0.000005 0.000000
7:55 0.277052 0.004743 0.000309 0.000431 0.000000 0.000022 -0.000000
8:56 0.593676 0.042543 0.000457 0.002595 0.000003 0.000473 0.000000
9:57 0.509288 0.021836 0.001051 0.001005 -0.000000 -0.000029 -0.000001
A:65 0.304903 0.015890 0.012884 0.000081 -0.000000 0.000007 0.000000
B:66 0.495302 0.017930 0.000603 0.000919 -0.000000 0.000063 0.000001
C:67 0.398973 0.028206 0.000421 0.000108 -0.000000 -0.000013 0.000000
D:68 0.343054 0.017443 0.002751 0.000218 -0.000000 -0.000025 -0.000000
E:69 0.418027 0.055534 0.003008 0.001222 -0.000001 -0.000266 0.000002
F:70 0.332786 0.017103 0.000913 0.002825 0.000004 0.000309 0.000003
G:71 0.358687 0.029336 0.001609 0.000425 0.000000 0.000036 -0.000000
H:72 0.333545 0.008212 0.000053 0.000008 -0.000000 -0.000001 -0.000000
I:73 0.589286 0.326531 0.000000 0.000000 0.000000 0.000000 0.000000
J:74 0.489951 0.095057 0.047723 0.013226 0.000248 0.002899 0.000221
K:75 0.354733 0.024983 0.003148 0.000843 -0.000001 -0.000116 0.000001
L:76 0.251928 0.008925 0.000209 0.001031 0.000000 0.000024 -0.000000
M:77 0.658966 0.007773 0.000535 0.003227 0.000004 0.000227 -0.000002
N:78 0.276685 0.009130 0.000000 0.000002 0.000000 0.000000 -0.000000
O:79 0.254137 0.000098 0.000008 0.000024 -0.000000 0.000000 0.000000
P:80 0.352089 0.010985 0.001247 0.004939 0.000008 0.000455 0.000009
Q:81 0.477807 0.013149 0.001521 0.001612 0.000001 0.000130 0.000002
R:82 0.313604 0.015825 0.000062 0.000254 -0.000000 0.000031 -0.000000
S:83 0.348130 0.030955 0.000696 0.000048 0.000000 0.000007 0.000000
T:84 0.511426 0.161413 0.069270 0.019160 0.000698 0.007696 -0.000023
U:85 0.361408 0.010404 0.001332 0.000597 0.000000 0.000012 -0.000000
V:86 0.428451 0.001777 0.002406 0.001014 -0.000001 0.000020 -0.000001
W:87 0.216506 0.004735 0.000564 0.000009 0.000000 0.000001 0.000000
X:88 0.375815 0.039439 0.002760 0.000241 0.000000 0.000048 0.000000
Y:89 0.308127 0.005287 0.000535 0.000704 0.000000 0.000044 -0.000000
Z:90 0.510604 0.116686 0.001148 0.000016 0.000000 -0.000003 0.000000
-:45 0.466972 0.069305 0.001285 0.002510 0.000004 0.000634 0.000001
H:72 0.499510 0.047503 0.000341 0.000070 0.000000 0.000012 -0.000000
4:52 0.453934 0.011913 0.001446 0.001930 -0.000001 0.000141 0.000003
7:55 0.288647 0.001831 0.000123 0.000777 0.000000 0.000027 -0.000000
8:56 0.658785 0.033010 0.000106 0.001970 0.000000 -0.000133 -0.000001
9:57 0.539193 0.016905 0.000989 0.002361 -0.000001 -0.000018 -0.000003
L:76 0.274963 0.005153 0.000119 0.001819 0.000000 0.000008 -0.000001
-:45 0.432116 0.068003 0.000300 0.000225 0.000000 0.000023 0.000000
B:66 0.587771 0.042202 0.002399 0.003534 0.000006 0.000614 0.000008
F:70 0.309727 0.009634 0.000714 0.002450 0.000001 0.000157 0.000003
H:72 0.302050 0.004402 0.000241 0.000075 0.000000 0.000003 -0.000000
O:79 0.256334 0.000090 0.000010 0.000026 0.000000 -0.000000 0.000000
P:80 0.370385 0.017356 0.002785 0.006982 0.000022 0.000819 0.000022
-:45 0.578540 0.149711 0.000345 0.000076 -0.000000 -0.000026 -0.000000
-:45 0.524746 0.092646 0.001906 0.002601 0.000005 0.000589 -0.000002
B:66 0.846945 0.082588 0.002532 0.004695 -0.000012 -0.001177 -0.000010
F:70 0.579836 0.055258 0.000375 0.000931 0.000001 0.000177 0.000000
H:72 0.442756 0.011257 0.001055 0.001476 0.000001 0.000154 0.000001
O:79 0.304195 0.000391 0.000015 0.000221 0.000000 0.000001 0.000000
P:80 0.524686 0.019836 0.005009 0.018151 0.000098 0.002237 0.000142
-:45 0.563269 0.095731 0.000129 0.000569 -0.000000 -0.000036 -0.000000
B:66 0.731759 0.098982 0.003481 0.000777 0.000001 0.000203 -0.000000
F:70 0.446650 0.027736 0.002749 0.009821 0.000015 0.000680 0.000049
H:72 0.405425 0.012620 0.000588 0.000222 0.000000 0.000009 -0.000000
O:79 0.320274 0.000049 0.000005 0.000031 -0.000000 0.000000 -0.000000
P:80 0.477327 0.027998 0.004115 0.014541 0.000073 0.002189 0.000086
H:72 0.423983 0.034973 0.000007 0.000079 0.000000 0.000015 0.000000
L:76 0.247617 0.005673 0.000090 0.000807 0.000000 0.000020 -0.000000
4:52 0.441475 0.017340 0.000945 0.001333 0.000001 0.000175 0.000001
7:55 0.260988 0.002063 0.000075 0.000493 0.000000 0.000022 0.000000
9:57 0.553993 0.020158 0.000183 0.001443 -0.000001 0.000056 -0.000001
8:56 0.563492 0.036584 0.000295 0.000990 -0.000000 -0.000066 0.000000
-:45 0.979526 0.543644 0.001266 0.002044 0.000003 0.001480 0.000002
6:54 0.524219 0.017549 0.001735 0.004674 0.000010 0.000463 -0.000009
6:54 0.522440 0.006406 0.000913 0.003648 0.000002 0.000153 -0.000006
7:55 0.274615 0.001093 0.000464 0.000496 -0.000000 -0.000016 0.000000
7:55 0.281893 0.001110 0.000457 0.000437 -0.000000 -0.000015 0.000000
B:66 0.619596 0.008262 0.001618 0.001003 0.000000 -0.000091 -0.000001
H:72 0.438722 0.047225 0.000414 0.000197 0.000000 0.000043 -0.000000
L:76 0.240453 0.007886 0.000044 0.000751 0.000000 0.000021 -0.000000
9:57 0.511529 0.029917 0.000667 0.001411 0.000000 0.000069 -0.000001
8:56 0.548773 0.026528 0.000061 0.002243 0.000001 0.000364 -0.000000
7:55 0.275020 0.003018 0.000356 0.000379 0.000000 0.000010 -0.000000
4:52 0.451908 0.024252 0.001933 0.000920 0.000000 0.000114 0.000001
.:46 0.198556 0.014480 0.000208 0.000014 -0.000000 -0.000002 -0.000000
H:72 0.435307 0.033119 0.000262 0.000124 0.000000 0.000021 -0.000000
L:76 0.257181 0.009326 0.000282 0.001274 0.000001 0.000036 -0.000001
9:57 0.527454 0.022971 0.001198 0.001242 -0.000000 -0.000001 -0.000001
8:56 0.596643 0.028904 0.000129 0.001886 0.000001 0.000310 -0.000001
7:55 0.291354 0.006776 0.000589 0.000777 0.000000 0.000052 -0.000000
4:52 0.481478 0.022526 0.002024 0.001462 -0.000001 0.000127 0.000002
B:66 0.582168 0.002256 0.002028 0.000639 0.000001 0.000001 -0.000001
